#	A	C	D	E	F	G	H	I	K	L	M	N	P	Q	R	S	T	V	W	Y
P45984	0.0589622641509434	0.02358490566037736	0.0660377358490566	0.07075471698113207	0.030660377358490566	0.04245283018867924	0.02358490566037736	0.0660377358490566	0.0660377358490566	0.08490566037735849	0.0330188679245283	0.03537735849056604	0.049528301886792456	0.049528301886792456	0.04245283018867924	0.08018867924528301	0.049528301886792456	0.07547169811320754	0.014150943396226415	0.03773584905660377
P53779	0.05818965517241379	0.023706896551724137	0.0625	0.05818965517241379	0.032327586206896554	0.04525862068965517	0.02586206896551724	0.05603448275862069	0.07327586206896551	0.09051724137931035	0.036637931034482756	0.04310344827586207	0.05603448275862069	0.04525862068965517	0.03879310344827586	0.07974137931034483	0.040948275862068964	0.07758620689655173	0.008620689655172414	0.04741379310344827
O14757	0.04201680672268908	0.02100840336134454	0.06302521008403361	0.06512605042016807	0.037815126050420166	0.05672268907563025	0.02100840336134454	0.05672268907563025	0.0861344537815126	0.10294117647058823	0.023109243697478993	0.04831932773109244	0.05672268907563025	0.037815126050420166	0.052521008403361345	0.07352941176470588	0.04201680672268908	0.06302521008403361	0.02100840336134454	0.029411764705882353
O14965	0.05955334987593052	0.017369727047146403	0.02729528535980149	0.07692307692307693	0.03225806451612903	0.04714640198511166	0.02977667493796526	0.03722084367245657	0.0794044665012407	0.10669975186104218	0.009925558312655087	0.04714640198511166	0.07444168734491315	0.06699751861042183	0.06451612903225806	0.08188585607940446	0.04218362282878412	0.05955334987593052	0.009925558312655087	0.02977667493796526
O15264	0.06575342465753424	0.00821917808219178	0.06027397260273973	0.0684931506849315	0.049315068493150684	0.049315068493150684	0.0273972602739726	0.04657534246575343	0.08767123287671233	0.10410958904109589	0.03561643835616438	0.021917808219178082	0.04657534246575343	0.052054794520547946	0.049315068493150684	0.057534246575342465	0.052054794520547946	0.06301369863013699	0.0136986301369863	0.0410958904109589
O43293	0.07048458149779736	0.006607929515418502	0.046255506607929514	0.12555066079295155	0.04405286343612335	0.05506607929515418	0.022026431718061675	0.06167400881057269	0.07048458149779736	0.11013215859030837	0.013215859030837005	0.03524229074889868	0.02643171806167401	0.03524229074889868	0.0947136563876652	0.06387665198237885	0.039647577092511016	0.046255506607929514	0.006607929515418502	0.02643171806167401
O60674	0.045936395759717315	0.023851590106007067	0.05035335689045936	0.07597173144876325	0.04770318021201413	0.054770318021201414	0.029151943462897525	0.06713780918727916	0.06978798586572438	0.09628975265017668	0.026501766784452298	0.05830388692579505	0.045053003533568906	0.03975265017667844	0.053003533568904596	0.0636042402826855	0.04770318021201413	0.04946996466431095	0.012367491166077738	0.04328621908127209
O75116	0.05979827089337176	0.01440922190201729	0.06484149855907781	0.11239193083573487	0.026657060518731988	0.03314121037463977	0.019452449567723344	0.04755043227665706	0.1037463976945245	0.10734870317002881	0.029538904899135448	0.048270893371757925	0.035302593659942365	0.06556195965417867	0.05475504322766571	0.061239193083573486	0.04178674351585014	0.04250720461095101	0.00792507204610951	0.02377521613832853
O95819	0.046811945117029866	0.010492332526230832	0.04600484261501211	0.10573042776432606	0.025020177562550445	0.05811138014527845	0.02824858757062147	0.04035512510088781	0.06053268765133172	0.08313155770782889	0.01775625504439064	0.02986279257465698	0.057304277643260695	0.06376109765940274	0.08958837772397095	0.08716707021791767	0.04519774011299435	0.06698950766747377	0.011299435028248588	0.026634382566585957
O96013	0.08798646362098139	0.008460236886632826	0.04568527918781726	0.05922165820642978	0.02707275803722504	0.09137055837563451	0.025380710659898477	0.03722504230118443	0.049069373942470386	0.08121827411167512	0.023688663282571912	0.025380710659898477	0.1065989847715736	0.04060913705583756	0.08798646362098139	0.08121827411167512	0.03722504230118443	0.06429780033840947	0.00676818950930626	0.01353637901861252
O96017	0.06077348066298342	0.02394106813996317	0.049723756906077346	0.09023941068139964	0.03867403314917127	0.055248618784530384	0.020257826887661142	0.04788213627992634	0.0718232044198895	0.09392265193370165	0.01289134438305709	0.03683241252302026	0.04788213627992634	0.040515653775322284	0.04788213627992634	0.10128913443830571	0.055248618784530384	0.06077348066298342	0.011049723756906077	0.03314917127071823
P00533	0.05950413223140496	0.049586776859504134	0.050413223140495865	0.06363636363636363	0.02975206611570248	0.07024793388429752	0.0256198347107438	0.05702479338842975	0.05454545454545454	0.09173553719008265	0.02066115702479339	0.05454545454545454	0.06198347107438017	0.04049586776859504	0.049586776859504134	0.06942148760330578	0.05289256198347107	0.05785123966942149	0.010743801652892562	0.02975206611570248
P04626	0.06613545816733067	0.04701195219123506	0.05179282868525897	0.06135458167330677	0.027888446215139442	0.0804780876494024	0.027888446215139442	0.0350597609561753	0.031075697211155377	0.1099601593625498	0.018326693227091632	0.03266932270916335	0.08685258964143426	0.04940239043824701	0.05657370517928287	0.05816733067729084	0.05338645418326693	0.06613545816733067	0.01195219123505976	0.027888446215139442
P04629	0.07914572864321608	0.026381909547738693	0.04020100502512563	0.06030150753768844	0.0414572864321608	0.09045226130653267	0.035175879396984924	0.028894472361809045	0.02763819095477387	0.12814070351758794	0.02135678391959799	0.04020100502512563	0.059045226130653265	0.04648241206030151	0.05778894472361809	0.06532663316582915	0.0414572864321608	0.07412060301507538	0.020100502512562814	0.016331658291457288
P05129	0.05164992826398852	0.03156384505021521	0.06169296987087518	0.05738880918220947	0.06312769010043041	0.08464849354375897	0.03156384505021521	0.03873744619799139	0.05308464849354376	0.08321377331420372	0.02295552367288379	0.02582496413199426	0.08034433285509325	0.03299856527977044	0.06599713055954089	0.054519368723098996	0.05021520803443329	0.06886657101865136	0.01291248206599713	0.028694404591104734
P06213	0.04775687409551375	0.03400868306801737	0.05065123010130246	0.07670043415340087	0.0426917510853835	0.06657018813314038	0.026772793053545588	0.04775687409551375	0.04848046309696093	0.09840810419681621	0.02170767004341534	0.05209840810419682	0.059334298118668596	0.027496382054992764	0.059334298118668596	0.07597684515195369	0.049927641099855286	0.06295224312590449	0.01447178002894356	0.03690303907380608
P06239	0.0550098231827112	0.01768172888015717	0.05108055009823183	0.08644400785854617	0.043222003929273084	0.07269155206286837	0.023575638506876228	0.0550098231827112	0.04518664047151277	0.0962671905697446	0.021611001964636542	0.047151277013752456	0.06286836935166994	0.04518664047151277	0.05697445972495088	0.05893909626719057	0.05304518664047151	0.04911591355599214	0.021611001964636542	0.03732809430255403
P06241	0.05772811918063315	0.01675977653631285	0.05027932960893855	0.07635009310986965	0.037243947858473	0.0893854748603352	0.0223463687150838	0.04655493482309125	0.061452513966480445	0.0931098696461825	0.024208566108007448	0.03910614525139665	0.04655493482309125	0.040968342644320296	0.055865921787709494	0.055865921787709494	0.0670391061452514	0.0521415270018622	0.0186219739292365	0.048417132216014895
P06493	0.04040404040404041	0.003367003367003367	0.06397306397306397	0.06060606060606061	0.037037037037037035	0.06060606060606061	0.026936026936026935	0.07407407407407407	0.08080808080808081	0.12121212121212122	0.026936026936026935	0.03367003367003367	0.050505050505050504	0.03367003367003367	0.050505050505050504	0.0707070707070707	0.04377104377104377	0.06060606060606061	0.013468013468013467	0.04713804713804714
P07333	0.06584362139917696	0.021604938271604937	0.044238683127572016	0.056584362139917695	0.040123456790123455	0.07098765432098765	0.02880658436213992	0.03806584362139918	0.04218106995884774	0.10699588477366255	0.018518518518518517	0.046296296296296294	0.06172839506172839	0.051440329218107	0.0411522633744856	0.0823045267489712	0.051440329218107	0.07716049382716049	0.01748971193415638	0.037037037037037035
P07948	0.060546875	0.015625	0.06640625	0.076171875	0.0390625	0.064453125	0.013671875	0.0625	0.08984375	0.083984375	0.025390625	0.029296875	0.0546875	0.041015625	0.05078125	0.056640625	0.05078125	0.0546875	0.017578125	0.046875
P07949	0.06912028725314183	0.03052064631956912	0.05206463195691203	0.06642728904847396	0.04308797127468582	0.06732495511669659	0.02154398563734291	0.0296229802513465	0.04129263913824058	0.10682226211849193	0.017953321364452424	0.03411131059245961	0.06283662477558348	0.03141831238779174	0.06732495511669659	0.08258527827648116	0.05116696588868941	0.0763016157989228	0.01526032315978456	0.03321364452423698
P08069	0.05267008046817849	0.03218727139722019	0.04535479151426482	0.08266276517922458	0.03438185808339429	0.06656912948061448	0.016825164594001463	0.053401609363569864	0.05047549378200439	0.08485735186539868	0.02852962692026335	0.06217995610826628	0.0592538405267008	0.025603511338697878	0.058522311631309436	0.07095830285296269	0.05047549378200439	0.06364301389904901	0.015362106803218726	0.046086320409656184
P10721	0.05635245901639344	0.02459016393442623	0.05430327868852459	0.05942622950819672	0.04405737704918033	0.05635245901639344	0.022540983606557378	0.05327868852459016	0.06762295081967214	0.08504098360655737	0.02459016393442623	0.055327868852459015	0.05122950819672131	0.025614754098360656	0.040983606557377046	0.08094262295081968	0.060450819672131145	0.07991803278688525	0.014344262295081968	0.0430327868852459
P11309	0.04472843450479233	0.019169329073482427	0.06389776357827476	0.07667731629392971	0.04472843450479233	0.07028753993610223	0.04153354632587859	0.06070287539936102	0.038338658146964855	0.12140575079872204	0.012779552715654952	0.025559105431309903	0.06070287539936102	0.03514376996805112	0.07028753993610223	0.07348242811501597	0.025559105431309903	0.07028753993610223	0.022364217252396165	0.022364217252396165
P11362	0.05961070559610705	0.023114355231143552	0.06082725060827251	0.06690997566909976	0.021897810218978103	0.057177615571776155	0.0267639902676399	0.038929440389294405	0.05961070559610705	0.09854014598540146	0.030413625304136254	0.037712895377128956	0.06934306569343066	0.029197080291970802	0.04866180048661801	0.09002433090024331	0.051094890510948905	0.07664233576642336	0.01824817518248175	0.03527980535279805
P12931	0.08208955223880597	0.016791044776119403	0.03917910447761194	0.07835820895522388	0.03917910447761194	0.08022388059701492	0.016791044776119403	0.029850746268656716	0.05783582089552239	0.0914179104477612	0.020522388059701493	0.033582089552238806	0.05970149253731343	0.04291044776119403	0.05970149253731343	0.06902985074626866	0.06716417910447761	0.055970149253731345	0.016791044776119403	0.04291044776119403
P28482	0.06944444444444445	0.019444444444444445	0.06666666666666667	0.058333333333333334	0.03611111111111111	0.04722222222222222	0.03611111111111111	0.07777777777777778	0.06388888888888888	0.11944444444444445	0.025	0.05277777777777778	0.05555555555555555	0.03333333333333333	0.05277777777777778	0.044444444444444446	0.03888888888888889	0.041666666666666664	0.008333333333333333	0.05277777777777778
P29317	0.07581967213114754	0.02663934426229508	0.04610655737704918	0.07172131147540983	0.0389344262295082	0.0778688524590164	0.0194672131147541	0.04405737704918033	0.04918032786885246	0.07684426229508197	0.027663934426229508	0.028688524590163935	0.05942622950819672	0.0389344262295082	0.05430327868852459	0.07274590163934426	0.05942622950819672	0.07889344262295082	0.01639344262295082	0.036885245901639344
P29597	0.06908171861836562	0.02695871946082561	0.04549283909014322	0.07160909856781802	0.039595619208087615	0.07582139848357203	0.04296545914069082	0.03538331929233361	0.037910699241786014	0.11625947767481044	0.020219039595619208	0.02190395956192081	0.06908171861836562	0.04380791912384162	0.07245155855096883	0.06402695871946082	0.040438079191238416	0.061499578770008424	0.016006739679865205	0.02948609941027801
P31751	0.05405405405405406	0.014553014553014554	0.062370062370062374	0.0893970893970894	0.05405405405405406	0.056133056133056136	0.02286902286902287	0.04365904365904366	0.06444906444906445	0.09355509355509356	0.033264033264033266	0.02494802494802495	0.05197505197505198	0.031185031185031187	0.07276507276507277	0.05405405405405406	0.060291060291060294	0.062370062370062374	0.014553014553014554	0.0395010395010395
P35916	0.07410124724871607	0.02714600146735143	0.05135730007336757	0.0748349229640499	0.032281731474688186	0.06382978723404255	0.027879677182685254	0.03741746148202495	0.041085840058694055	0.10271460014673514	0.018341892883345562	0.03154805575935436	0.05355832721936904	0.04035216434336023	0.06676449009537784	0.08584005869405723	0.04695524578136464	0.07263389581804842	0.020542920029347028	0.030814380044020543
P35968	0.05014749262536873	0.024336283185840708	0.05088495575221239	0.07595870206489676	0.03023598820058997	0.06268436578171091	0.019174041297935103	0.058997050147492625	0.061946902654867256	0.09144542772861357	0.019174041297935103	0.03908554572271387	0.05235988200589971	0.03761061946902655	0.04498525073746313	0.08333333333333333	0.06710914454277286	0.08112094395280237	0.014011799410029498	0.035398230088495575
P42685	0.0594059405940594	0.015841584158415842	0.053465346534653464	0.07128712871287128	0.04554455445544554	0.05742574257425743	0.023762376237623763	0.055445544554455446	0.055445544554455446	0.100990099009901	0.019801980198019802	0.04356435643564356	0.04356435643564356	0.055445544554455446	0.0594059405940594	0.07524752475247524	0.04554455445544554	0.04950495049504951	0.02178217821782178	0.047524752475247525
P43405	0.07086614173228346	0.014173228346456693	0.04251968503937008	0.07559055118110236	0.029921259842519685	0.07874015748031496	0.029921259842519685	0.04094488188976378	0.07716535433070866	0.09448818897637795	0.029921259842519685	0.047244094488188976	0.05196850393700787	0.04409448818897638	0.048818897637795275	0.05984251968503937	0.03622047244094488	0.05669291338582677	0.01732283464566929	0.05354330708661417
P45983	0.06088992974238876	0.0234192037470726	0.0585480093676815	0.06557377049180328	0.02810304449648712	0.05152224824355972	0.02576112412177986	0.06323185011709602	0.06791569086651054	0.09133489461358314	0.03747072599531616	0.04215456674473068	0.05620608899297424	0.03981264637002342	0.04918032786885246	0.07728337236533958	0.03981264637002342	0.0702576112412178	0.00936768149882904	0.04215456674473068
P48730	0.05301204819277108	0.012048192771084338	0.05060240963855422	0.05542168674698795	0.03855421686746988	0.07951807228915662	0.02891566265060241	0.05060240963855422	0.05783132530120482	0.09397590361445783	0.03132530120481928	0.03855421686746988	0.04578313253012048	0.03132530120481928	0.09879518072289156	0.08433734939759036	0.05301204819277108	0.04578313253012048	0.007228915662650603	0.043373493975903614
P49840	0.06418219461697723	0.016563146997929608	0.033126293995859216	0.047619047619047616	0.037267080745341616	0.13664596273291926	0.014492753623188406	0.043478260869565216	0.045548654244306416	0.09316770186335403	0.010351966873706004	0.026915113871635612	0.07867494824016563	0.035196687370600416	0.051759834368530024	0.09523809523809523	0.06625258799171843	0.062111801242236024	0.006211180124223602	0.035196687370600416
P49841	0.08095238095238096	0.02142857142857143	0.05238095238095238	0.04523809523809524	0.04285714285714286	0.05238095238095238	0.016666666666666666	0.047619047619047616	0.05476190476190476	0.0880952380952381	0.011904761904761904	0.04047619047619048	0.07380952380952381	0.04285714285714286	0.06428571428571428	0.0761904761904762	0.07142857142857142	0.06904761904761905	0.004761904761904762	0.04285714285714286
P51451	0.06732673267326733	0.015841584158415842	0.047524752475247525	0.08316831683168317	0.03762376237623762	0.06336633663366337	0.015841584158415842	0.047524752475247525	0.06534653465346535	0.09900990099009901	0.0297029702970297	0.02574257425742574	0.06930693069306931	0.039603960396039604	0.06930693069306931	0.055445544554455446	0.04356435643564356	0.06534653465346535	0.019801980198019802	0.039603960396039604
P51955	0.04943820224719101	0.015730337078651686	0.04719101123595506	0.10337078651685393	0.02247191011235955	0.04719101123595506	0.017977528089887642	0.04719101123595506	0.0853932584269663	0.13258426966292136	0.02696629213483146	0.04269662921348315	0.03146067415730337	0.04269662921348315	0.08764044943820225	0.07415730337078652	0.038202247191011236	0.04269662921348315	0.0044943820224719105	0.04044943820224719
P52333	0.07829181494661921	0.028469750889679714	0.05249110320284697	0.05871886120996441	0.04092526690391459	0.07028469750889679	0.03291814946619217	0.03291814946619217	0.037366548042704624	0.13434163701067617	0.017793594306049824	0.013345195729537367	0.06850533807829182	0.04715302491103203	0.0693950177935943	0.0791814946619217	0.033807829181494664	0.06405693950177936	0.013345195729537367	0.026690391459074734
P53350	0.06633499170812604	0.02155887230514096	0.04809286898839138	0.06965174129353234	0.03814262023217247	0.05638474295190713	0.026533996683250415	0.05140961857379768	0.06633499170812604	0.11774461028192372	0.01658374792703151	0.03648424543946932	0.06301824212271974	0.02155887230514096	0.07628524046434494	0.07131011608623548	0.04643449419568822	0.06135986733001658	0.006633499170812604	0.03814262023217247
P53778	0.07356948228882834	0.008174386920980926	0.07356948228882834	0.07356948228882834	0.04087193460490463	0.05994550408719346	0.021798365122615803	0.035422343324250684	0.07084468664850137	0.10899182561307902	0.035422343324250684	0.01907356948228883	0.04904632152588556	0.03814713896457766	0.06267029972752043	0.043596730245231606	0.05722070844686648	0.07356948228882834	0.013623978201634877	0.04087193460490463
Q00535	0.0547945205479452	0.0273972602739726	0.07191780821917808	0.05821917808219178	0.05136986301369863	0.0547945205479452	0.023972602739726026	0.03767123287671233	0.07876712328767123	0.136986301369863	0.0136986301369863	0.04452054794520548	0.06506849315068493	0.030821917808219176	0.0547945205479452	0.04794520547945205	0.0410958904109589	0.06164383561643835	0.010273972602739725	0.03424657534246575
Q05397	0.06273764258555133	0.013307984790874524	0.05038022813688213	0.07984790874524715	0.028517110266159697	0.057034220532319393	0.025665399239543727	0.055133079847908745	0.05988593155893536	0.09505703422053231	0.03231939163498099	0.034220532319391636	0.0655893536121673	0.051330798479087454	0.058935361216730035	0.07699619771863118	0.04847908745247148	0.055133079847908745	0.013307984790874524	0.03612167300380228
Q05655	0.057692307692307696	0.03106508875739645	0.05917159763313609	0.07248520710059171	0.06804733727810651	0.06656804733727811	0.028106508875739646	0.057692307692307696	0.08727810650887574	0.08431952662721894	0.026627218934911243	0.042899408284023666	0.03550295857988166	0.038461538461538464	0.04881656804733728	0.05473372781065089	0.04437869822485207	0.05325443786982249	0.013313609467455622	0.029585798816568046
Q08881	0.05	0.025806451612903226	0.04516129032258064	0.08387096774193549	0.043548387096774194	0.05161290322580645	0.025806451612903226	0.041935483870967745	0.06774193548387097	0.09193548387096774	0.01935483870967742	0.04516129032258064	0.04838709677419355	0.03387096774193549	0.06290322580645161	0.07258064516129033	0.04516129032258064	0.07419354838709677	0.020967741935483872	0.05
Q12851	0.05975609756097561	0.020731707317073172	0.0475609756097561	0.07195121951219512	0.03414634146341464	0.06463414634146342	0.03536585365853658	0.0475609756097561	0.03902439024390244	0.13170731707317074	0.015853658536585366	0.023170731707317073	0.08658536585365853	0.04878048780487805	0.05853658536585366	0.06219512195121951	0.06707317073170732	0.0524390243902439	0.014634146341463415	0.018292682926829267
Q13153	0.06422018348623854	0.009174311926605505	0.060550458715596334	0.08073394495412844	0.023853211009174313	0.04954128440366973	0.014678899082568808	0.05504587155963303	0.08623853211009175	0.07889908256880734	0.031192660550458717	0.05688073394495413	0.07889908256880734	0.03853211009174312	0.03669724770642202	0.06972477064220184	0.07155963302752294	0.060550458715596334	0.007339449541284404	0.025688073394495414
Q13188	0.054989816700611	0.010183299389002037	0.06517311608961303	0.10183299389002037	0.038696537678207736	0.04276985743380855	0.02240325865580448	0.06517311608961303	0.0814663951120163	0.07331975560081466	0.048879837067209775	0.04276985743380855	0.054989816700611	0.05091649694501019	0.04276985743380855	0.06313645621181263	0.05702647657841141	0.05091649694501019	0.010183299389002037	0.02240325865580448
Q13464	0.05243722304283604	0.013293943870014771	0.06573116691285082	0.11669128508124077	0.0310192023633678	0.0310192023633678	0.0206794682422452	0.0361890694239291	0.10044313146233383	0.10561299852289513	0.02880354505169867	0.05982274741506647	0.025110782865583457	0.05982274741506647	0.05982274741506647	0.0620384047267356	0.045051698670605614	0.051698670605613	0.00812407680945347	0.026587887740029542
Q13627	0.05897771952817824	0.011795543905635648	0.04849279161205767	0.04325032765399738	0.03145478374836173	0.06946264744429882	0.061598951507208385	0.03800786369593709	0.05242463958060288	0.07077326343381389	0.0327653997378768	0.047182175622542594	0.05242463958060288	0.06815203145478375	0.05242463958060288	0.0982961992136304	0.06684141546526867	0.05111402359108781	0.00655307994757536	0.03800786369593709
Q15303	0.052752293577981654	0.04434250764525994	0.052752293577981654	0.06422018348623854	0.03669724770642202	0.06957186544342507	0.024464831804281346	0.05198776758409786	0.05045871559633028	0.08409785932721713	0.02217125382262997	0.0581039755351682	0.06880733944954129	0.035932721712538224	0.05198776758409786	0.06116207951070336	0.0581039755351682	0.05963302752293578	0.012232415902140673	0.040519877675840976
Q16620	0.058394160583941604	0.0267639902676399	0.05474452554744526	0.0535279805352798	0.0364963503649635	0.06447688564476886	0.038929440389294405	0.06569343065693431	0.051094890510948905	0.09124087591240876	0.025547445255474453	0.06326034063260341	0.05474452554744526	0.0340632603406326	0.0364963503649635	0.07177615571776155	0.05596107055961071	0.06690997566909976	0.019464720194647202	0.030413625304136254
Q16644	0.060209424083769635	0.02356020942408377	0.0549738219895288	0.07068062827225131	0.02617801047120419	0.08115183246073299	0.031413612565445025	0.04450261780104712	0.06806282722513089	0.08900523560209424	0.031413612565445025	0.03664921465968586	0.06282722513089005	0.05759162303664921	0.0549738219895288	0.049738219895287955	0.0549738219895288	0.0549738219895288	0.013089005235602094	0.034031413612565446
Q5VT25	0.05600461893764434	0.021939953810623556	0.05542725173210162	0.09353348729792148	0.032909930715935336	0.04676674364896074	0.025404157043879907	0.05138568129330254	0.075635103926097	0.09699769053117784	0.024826789838337183	0.042725173210161664	0.04330254041570439	0.05138568129330254	0.061200923787528866	0.0848729792147806	0.05023094688221709	0.05254041570438799	0.008660508083140877	0.02424942263279446
Q7L7X3	0.058941058941058944	0.007992007992007992	0.03596403596403597	0.1108891108891109	0.023976023976023976	0.04595404595404595	0.03996003996003996	0.03796203796203796	0.07092907092907093	0.0999000999000999	0.03896103896103896	0.04095904095904096	0.04095904095904096	0.08091908091908091	0.07492507492507493	0.07992007992007992	0.04095904095904096	0.03796203796203796	0.00999000999000999	0.02197802197802198
Q8NE63	0.08116883116883117	0.01948051948051948	0.048701298701298704	0.08441558441558442	0.03896103896103896	0.060064935064935064	0.04220779220779221	0.04220779220779221	0.04707792207792208	0.1038961038961039	0.024350649350649352	0.027597402597402596	0.07305194805194805	0.03571428571428571	0.06818181818181818	0.07305194805194805	0.03896103896103896	0.05032467532467533	0.012987012987012988	0.027597402597402596
Q96GD4	0.06395348837209303	0.014534883720930232	0.03488372093023256	0.07267441860465117	0.029069767441860465	0.055232558139534885	0.0377906976744186	0.05232558139534884	0.06395348837209303	0.11627906976744186	0.02616279069767442	0.03488372093023256	0.07267441860465117	0.0377906976744186	0.0755813953488372	0.06395348837209303	0.0377906976744186	0.061046511627906974	0.011627906976744186	0.0377906976744186
Q9BZL6	0.06719817767653759	0.02619589977220957	0.04555808656036447	0.06492027334851937	0.03758542141230068	0.07517084282460136	0.03416856492027335	0.04555808656036447	0.04555808656036447	0.10364464692482915	0.02050113895216401	0.03189066059225513	0.07061503416856492	0.04328018223234624	0.05466970387243736	0.09111617312072894	0.04669703872437358	0.06150341685649203	0.009111617312072893	0.025056947608200455
Q9H2G2	0.05020242914979757	0.008906882591093117	0.05748987854251012	0.14412955465587043	0.024291497975708502	0.029959514170040485	0.01862348178137652	0.06072874493927125	0.1020242914979757	0.08340080971659919	0.021052631578947368	0.04939271255060729	0.032388663967611336	0.07449392712550608	0.05101214574898785	0.06963562753036437	0.05668016194331984	0.048582995951417005	0.006477732793522267	0.010526315789473684
Q9H3Y6	0.08196721311475409	0.02459016393442623	0.03483606557377049	0.06762295081967214	0.040983606557377046	0.07991803278688525	0.02459016393442623	0.028688524590163935	0.040983606557377046	0.12704918032786885	0.018442622950819672	0.018442622950819672	0.08196721311475409	0.040983606557377046	0.07172131147540983	0.06967213114754098	0.03483606557377049	0.05737704918032787	0.020491803278688523	0.03483606557377049
Q9H4B4	0.08978328173374613	0.017027863777089782	0.04179566563467492	0.05417956656346749	0.03869969040247678	0.06656346749226007	0.032507739938080496	0.030959752321981424	0.043343653250773995	0.12229102167182662	0.015479876160990712	0.02321981424148607	0.08668730650154799	0.03715170278637771	0.07739938080495357	0.07275541795665634	0.05108359133126935	0.058823529411764705	0.009287925696594427	0.030959752321981424
Q9NYL2	0.045	0.01375	0.05375	0.07375	0.04	0.0575	0.03125	0.0525	0.07125	0.0775	0.025	0.04125	0.05375	0.04125	0.05875	0.10625	0.0525	0.055	0.02	0.03
Q9P1W9	0.06752411575562701	0.02572347266881029	0.06109324758842444	0.06109324758842444	0.03858520900321544	0.09646302250803858	0.03215434083601286	0.04823151125401929	0.03215434083601286	0.12540192926045016	0.012861736334405145	0.00964630225080386	0.11254019292604502	0.028938906752411574	0.06109324758842444	0.04823151125401929	0.03858520900321544	0.05787781350482315	0.022508038585209004	0.01929260450160772
Q9Y243	0.03966597077244259	0.016701461377870562	0.07515657620041753	0.08768267223382047	0.054279749478079335	0.05845511482254697	0.022964509394572025	0.05010438413361169	0.081419624217119	0.08350730688935282	0.033402922755741124	0.031315240083507306	0.04592901878914405	0.029227557411273485	0.060542797494780795	0.05010438413361169	0.06889352818371608	0.054279749478079335	0.014613778705636743	0.04175365344467641
Q9Y4K4	0.0673758865248227	0.022458628841607566	0.05200945626477541	0.061465721040189124	0.04491725768321513	0.05673758865248227	0.031914893617021274	0.06028368794326241	0.07210401891252956	0.0933806146572104	0.022458628841607566	0.04373522458628842	0.06619385342789598	0.041371158392434985	0.04491725768321513	0.06855791962174941	0.057919621749408984	0.05319148936170213	0.01182033096926714	0.027186761229314422
O15111	0.04563758389261745	0.026845637583892617	0.04697986577181208	0.07785234899328859	0.024161073825503355	0.05906040268456376	0.036241610738255034	0.06577181208053691	0.06845637583892618	0.1221476510067114	0.03355704697986577	0.036241610738255034	0.042953020134228186	0.052348993288590606	0.042953020134228186	0.08322147651006712	0.03758389261744966	0.052348993288590606	0.016107382550335572	0.02953020134228188
O15530	0.05935251798561151	0.01618705035971223	0.050359712230215826	0.0737410071942446	0.048561151079136694	0.06115107913669065	0.02697841726618705	0.044964028776978415	0.0683453237410072	0.10071942446043165	0.017985611510791366	0.03237410071942446	0.0683453237410072	0.050359712230215826	0.0539568345323741	0.07913669064748201	0.046762589928057555	0.048561151079136694	0.01079136690647482	0.04136690647482014
P24941	0.06375838926174497	0.010067114093959731	0.053691275167785234	0.05704697986577181	0.053691275167785234	0.053691275167785234	0.03355704697986577	0.053691275167785234	0.07046979865771812	0.13087248322147652	0.016778523489932886	0.026845637583892617	0.06375838926174497	0.030201342281879196	0.053691275167785234	0.04697986577181208	0.05704697986577181	0.07718120805369127	0.013422818791946308	0.03355704697986577
P36888	0.05236656596173213	0.03323262839879154	0.04229607250755287	0.07754279959718026	0.05840886203423968	0.054380664652567974	0.021148036253776436	0.05236656596173213	0.05337361530715005	0.08761329305135952	0.02416918429003021	0.050352467270896276	0.0433031218529708	0.04229607250755287	0.04229607250755287	0.09063444108761329	0.0513595166163142	0.06646525679758308	0.015105740181268883	0.041289023162134945
Q15759	0.07692307692307693	0.01098901098901099	0.0521978021978022	0.08516483516483517	0.027472527472527472	0.0521978021978022	0.027472527472527472	0.04945054945054945	0.046703296703296704	0.11538461538461539	0.024725274725274724	0.024725274725274724	0.06318681318681318	0.04945054945054945	0.06318681318681318	0.06868131868131869	0.03571428571428571	0.06868131868131869	0.013736263736263736	0.04395604395604396
Q16539	0.06944444444444445	0.011111111111111112	0.075	0.06388888888888888	0.03611111111111111	0.041666666666666664	0.03333333333333333	0.06111111111111111	0.05277777777777778	0.11944444444444445	0.030555555555555555	0.03888888888888889	0.04722222222222222	0.041666666666666664	0.05277777777777778	0.05555555555555555	0.05277777777777778	0.06111111111111111	0.013888888888888888	0.041666666666666664
Q12866	0.06406406406406406	0.01701701701701702	0.04604604604604605	0.06406406406406406	0.03403403403403404	0.06506506506506507	0.026026026026026026	0.06706706706706707	0.044044044044044044	0.0990990990990991	0.025025025025025027	0.043043043043043044	0.07007007007007007	0.035035035035035036	0.04004004004004004	0.0920920920920921	0.05105105105105105	0.07307307307307308	0.016016016016016016	0.028028028028028028
P00519	0.08584070796460178	0.012389380530973451	0.03716814159292035	0.07964601769911504	0.02566371681415929	0.07787610619469026	0.021238938053097345	0.02920353982300885	0.07256637168141593	0.08495575221238938	0.01592920353982301	0.035398230088495575	0.07964601769911504	0.02920353982300885	0.05663716814159292	0.10619469026548672	0.05752212389380531	0.05486725663716814	0.011504424778761062	0.02654867256637168
P17948	0.052316890881913304	0.02466367713004484	0.05007473841554559	0.06278026905829596	0.03662182361733931	0.053811659192825115	0.02242152466367713	0.06427503736920777	0.07548579970104634	0.09192825112107623	0.02391629297458894	0.043348281016442454	0.045590433482810166	0.02914798206278027	0.05082212257100149	0.09566517189835576	0.07249626307922272	0.05530642750373692	0.01195814648729447	0.03736920777279522
P11802	0.07260726072607261	0.013201320132013201	0.056105610561056105	0.0627062706270627	0.0429042904290429	0.07920792079207921	0.0297029702970297	0.036303630363036306	0.036303630363036306	0.10891089108910891	0.026402640264026403	0.0231023102310231	0.08250825082508251	0.026402640264026403	0.07590759075907591	0.04950495049504951	0.04950495049504951	0.0891089108910891	0.009900990099009901	0.0297029702970297
Q00534	0.05828220858895705	0.018404907975460124	0.0705521472392638	0.06748466257668712	0.049079754601226995	0.05521472392638037	0.027607361963190184	0.03680981595092025	0.05521472392638037	0.1196319018404908	0.018404907975460124	0.02147239263803681	0.05214723926380368	0.04294478527607362	0.06748466257668712	0.06134969325153374	0.05828220858895705	0.08588957055214724	0.009202453987730062	0.024539877300613498
O00141	0.06496519721577726	0.01160092807424594	0.04408352668213457	0.06264501160092807	0.058004640371229696	0.048723897911832945	0.03480278422273782	0.05336426914153132	0.07888631090487239	0.11136890951276102	0.02320185614849188	0.058004640371229696	0.07192575406032482	0.03248259860788863	0.03944315545243619	0.06728538283062645	0.04176334106728538	0.05336426914153132	0.0069605568445475635	0.037122969837587005
O00444	0.050515463917525774	0.013402061855670102	0.04639175257731959	0.058762886597938144	0.03814432989690722	0.05567010309278351	0.0288659793814433	0.05360824742268041	0.06804123711340206	0.07835051546391752	0.026804123711340205	0.0577319587628866	0.05463917525773196	0.041237113402061855	0.049484536082474224	0.11443298969072165	0.06804123711340206	0.04845360824742268	0.009278350515463918	0.03814432989690722
P51812	0.06621621621621622	0.008108108108108109	0.05945945945945946	0.07162162162162163	0.0472972972972973	0.06486486486486487	0.032432432432432434	0.05540540540540541	0.07162162162162163	0.1	0.02837837837837838	0.02837837837837838	0.051351351351351354	0.041891891891891894	0.05	0.060810810810810814	0.05540540540540541	0.06351351351351352	0.010810810810810811	0.032432432432432434
P53667	0.03554868624420402	0.04327666151468315	0.05873261205564142	0.06491499227202473	0.030911901081916538	0.08500772797527048	0.04173106646058733	0.04945904173106646	0.04636785162287481	0.09582689335394126	0.023183925811437404	0.02472952086553323	0.0695517774343122	0.030911901081916538	0.06800618238021638	0.07264296754250386	0.04791344667697063	0.06646058732612056	0.010819165378670788	0.03400309119010819
Q9Y478	0.05185185185185185	0.011111111111111112	0.06666666666666667	0.07037037037037037	0.037037037037037035	0.05925925925925926	0.044444444444444446	0.040740740740740744	0.07037037037037037	0.09259259259259259	0.018518518518518517	0.040740740740740744	0.08518518518518518	0.03333333333333333	0.040740740740740744	0.07777777777777778	0.05185185185185185	0.06296296296296296	0.014814814814814815	0.02962962962962963
O14920	0.05026455026455026	0.023809523809523808	0.047619047619047616	0.08862433862433862	0.023809523809523808	0.04894179894179894	0.017195767195767195	0.04497354497354497	0.056878306878306875	0.1283068783068783	0.0291005291005291	0.04365079365079365	0.04365079365079365	0.08068783068783068	0.05952380952380952	0.06878306878306878	0.05291005291005291	0.05291005291005291	0.01984126984126984	0.018518518518518517
P23443	0.06285714285714286	0.011428571428571429	0.05333333333333334	0.08761904761904762	0.05333333333333334	0.08190476190476191	0.02666666666666667	0.047619047619047616	0.06666666666666667	0.08761904761904762	0.03619047619047619	0.030476190476190476	0.06857142857142857	0.03238095238095238	0.06285714285714286	0.05904761904761905	0.047619047619047616	0.049523809523809526	0.007619047619047619	0.02666666666666667
Q13131	0.04830053667262969	0.01967799642218247	0.06976744186046512	0.059033989266547404	0.03398926654740608	0.04830053667262969	0.03935599284436494	0.059033989266547404	0.06797853309481217	0.09481216457960644	0.026833631484794274	0.03220035778175313	0.0518783542039356	0.03577817531305903	0.06797853309481217	0.08586762075134168	0.044722719141323794	0.06618962432915922	0.008944543828264758	0.03935599284436494
Q14680	0.047619047619047616	0.02457757296466974	0.059907834101382486	0.05837173579109063	0.027649769585253458	0.04915514592933948	0.027649769585253458	0.047619047619047616	0.09062980030721966	0.11213517665130568	0.026113671274961597	0.0445468509984639	0.047619047619047616	0.041474654377880185	0.05069124423963134	0.06144393241167435	0.0629800307219662	0.0629800307219662	0.013824884792626729	0.043010752688172046
Q8TDC3	0.05141388174807198	0.012853470437017995	0.043701799485861184	0.06555269922879177	0.02956298200514139	0.09254498714652956	0.033419023136246784	0.03470437017994859	0.056555269922879174	0.09897172236503857	0.017994858611825194	0.017994858611825194	0.10925449871465295	0.03470437017994859	0.07840616966580977	0.10925449871465295	0.03598971722365039	0.05141388174807198	0.005141388174807198	0.02056555269922879
P30530	0.07718120805369127	0.024608501118568233	0.04697986577181208	0.06823266219239374	0.024608501118568233	0.08053691275167785	0.02348993288590604	0.029082774049217	0.02796420581655481	0.10514541387024609	0.02237136465324385	0.024608501118568233	0.0883668903803132	0.05592841163310962	0.05480984340044743	0.06263982102908278	0.06040268456375839	0.07270693512304251	0.021252796420581657	0.029082774049217
Q06418	0.08764044943820225	0.021348314606741574	0.04269662921348315	0.06404494382022471	0.028089887640449437	0.08089887640449438	0.015730337078651686	0.03707865168539326	0.033707865168539325	0.11685393258426967	0.024719101123595506	0.028089887640449437	0.08202247191011236	0.048314606741573035	0.05393258426966292	0.07078651685393259	0.046067415730337076	0.07752808988764046	0.020224719101123594	0.020224719101123594
O94806	0.0449438202247191	0.02696629213483146	0.056179775280898875	0.06404494382022471	0.03932584269662921	0.052808988764044947	0.03146067415730337	0.058426966292134834	0.0550561797752809	0.08426966292134831	0.029213483146067417	0.046067415730337076	0.06404494382022471	0.03707865168539326	0.056179775280898875	0.09438202247191012	0.04719101123595506	0.07191011235955057	0.012359550561797753	0.028089887640449437
O75676	0.08808290155440414	0.012953367875647668	0.04145077720207254	0.07772020725388601	0.046632124352331605	0.08419689119170984	0.027202072538860103	0.03238341968911917	0.046632124352331605	0.11398963730569948	0.01683937823834197	0.022020725388601035	0.06476683937823834	0.04922279792746114	0.07901554404145078	0.06735751295336788	0.03626943005181347	0.06347150259067358	0.007772020725388601	0.022020725388601035
P43403	0.08723747980613894	0.027463651050080775	0.050080775444264945	0.07431340872374798	0.029079159935379646	0.06785137318255251	0.025848142164781908	0.03877221324717286	0.06785137318255251	0.10016155088852989	0.033925686591276254	0.022617124394184167	0.06785137318255251	0.03715670436187399	0.05977382875605816	0.061389337641357025	0.03715670436187399	0.046849757673667204	0.014539579967689823	0.050080775444264945
Q06187	0.04400606980273141	0.018209408194233688	0.0409711684370258	0.08801213960546282	0.036418816388467376	0.054628224582701064	0.02276176024279211	0.051593323216995446	0.08042488619119878	0.08649468892261002	0.030349013657056147	0.03490136570561457	0.05614567526555387	0.048558421851289835	0.051593323216995446	0.0819423368740516	0.03945371775417299	0.06069802731411229	0.01669195751138088	0.05614567526555387
P27448	0.05843293492695883	0.01195219123505976	0.049136786188579015	0.06640106241699867	0.03187250996015936	0.06241699867197875	0.02390438247011952	0.05312084993359894	0.0703851261620186	0.07835325365205843	0.02390438247011952	0.049136786188579015	0.049136786188579015	0.033200531208499334	0.08366533864541832	0.11155378486055777	0.06241699867197875	0.049136786188579015	0.005312084993359893	0.02656042496679947
P49137	0.065	0.0175	0.0375	0.0725	0.03	0.0425	0.0275	0.0625	0.075	0.09	0.035	0.035	0.0975	0.0525	0.0525	0.0575	0.0525	0.05	0.0125	0.035
P31749	0.052083333333333336	0.014583333333333334	0.058333333333333334	0.10208333333333333	0.05625	0.0625	0.027083333333333334	0.041666666666666664	0.075	0.08541666666666667	0.03333333333333333	0.027083333333333334	0.04583333333333333	0.035416666666666666	0.0625	0.04791666666666667	0.0625	0.058333333333333334	0.014583333333333334	0.0375
Q02750	0.061068702290076333	0.015267175572519083	0.05089058524173028	0.07633587786259542	0.035623409669211195	0.07888040712468193	0.022900763358778626	0.06361323155216285	0.07124681933842239	0.09669211195928754	0.03307888040712468	0.03307888040712468	0.0737913486005089	0.043256997455470736	0.04580152671755725	0.07633587786259542	0.030534351145038167	0.06361323155216285	0.005089058524173028	0.022900763358778626
P17612	0.06552706552706553	0.005698005698005698	0.05128205128205128	0.07692307692307693	0.07122507122507123	0.06267806267806268	0.02564102564102564	0.05982905982905983	0.09971509971509972	0.09116809116809117	0.019943019943019943	0.045584045584045586	0.039886039886039885	0.039886039886039885	0.042735042735042736	0.04843304843304843	0.039886039886039885	0.05698005698005698	0.017094017094017096	0.039886039886039885
P24723	0.04978038067349927	0.03513909224011713	0.05124450951683748	0.06149341142020498	0.06149341142020498	0.07320644216691069	0.03953147877013177	0.05417276720351391	0.05710102489019034	0.08931185944363104	0.027818448023426062	0.04538799414348463	0.0424597364568082	0.04538799414348463	0.060029282576866766	0.043923865300146414	0.06149341142020498	0.06588579795021962	0.01171303074670571	0.02342606149341142
Q05513	0.04560810810810811	0.02702702702702703	0.08445945945945946	0.07263513513513513	0.048986486486486486	0.07094594594594594	0.030405405405405407	0.060810810810810814	0.057432432432432436	0.0945945945945946	0.02533783783783784	0.02533783783783784	0.05405405405405406	0.04222972972972973	0.06756756756756757	0.05912162162162162	0.04222972972972973	0.05067567567567568	0.011824324324324325	0.028716216216216218
Q15078	0.06514657980456026	0.026058631921824105	0.03908794788273615	0.035830618892508145	0.029315960912052116	0.04560260586319218	0.02280130293159609	0.03257328990228013	0.0749185667752443	0.1237785016286645	0.016286644951140065	0.05211726384364821	0.06188925081433225	0.048859934853420196	0.04560260586319218	0.12052117263843648	0.04560260586319218	0.06840390879478828	0.013029315960912053	0.03257328990228013
Q7KZI7	0.06472081218274112	0.008883248730964468	0.03934010152284264	0.06725888324873096	0.03553299492385787	0.05964467005076142	0.02284263959390863	0.03426395939086294	0.07360406091370558	0.0850253807106599	0.027918781725888325	0.05203045685279188	0.06598984771573604	0.03553299492385787	0.07614213197969544	0.1116751269035533	0.05583756345177665	0.05456852791878172	0.005076142131979695	0.024111675126903553
Q9HBY8	0.0681198910081744	0.01907356948228883	0.06267029972752043	0.05449591280653951	0.05722070844686648	0.0653950953678474	0.02997275204359673	0.03814713896457766	0.05994550408719346	0.11171662125340599	0.010899182561307902	0.043596730245231606	0.07356948228882834	0.04087193460490463	0.04632152588555858	0.07084468664850137	0.03814713896457766	0.05994550408719346	0.008174386920980926	0.04087193460490463
P09619	0.05063291139240506	0.017179023508137433	0.05244122965641953	0.08499095840867993	0.029837251356238697	0.05605786618444846	0.023508137432188065	0.048824593128390596	0.034358047016274866	0.11301989150090416	0.023508137432188065	0.03345388788426763	0.06962025316455696	0.03887884267631103	0.051537070524412296	0.08318264014466546	0.056962025316455694	0.08318264014466546	0.0108499095840868	0.0379746835443038
P16234	0.049586776859504134	0.015610651974288337	0.06060606060606061	0.08631772268135904	0.02938475665748393	0.05325987144168962	0.02295684113865932	0.0642791551882461	0.06336088154269973	0.09550045913682277	0.023875114784205693	0.04040404040404041	0.046831955922865015	0.02295684113865932	0.04040404040404041	0.08539944903581267	0.06244260789715335	0.08172635445362718	0.011937557392102846	0.04315886134067952
P21802	0.06211936662606577	0.02192448233861145	0.058465286236297195	0.07064555420219244	0.025578562728380026	0.05968331303288672	0.020706455542021926	0.04628501827040195	0.06090133982947625	0.08160779537149818	0.0341047503045067	0.0438489646772229	0.06577344701583435	0.025578562728380026	0.047503045066991476	0.06942752740560293	0.06577344701583435	0.08160779537149818	0.015834348355663823	0.04263093788063337
P22455	0.07855361596009976	0.0199501246882793	0.048628428927680795	0.059850374064837904	0.02743142144638404	0.08229426433915212	0.02743142144638404	0.03117206982543641	0.03117206982543641	0.128428927680798	0.016209476309226933	0.02493765586034913	0.07605985037406483	0.03366583541147132	0.0685785536159601	0.08977556109725686	0.03615960099750624	0.07231920199501247	0.016209476309226933	0.03117206982543641
P22607	0.08188585607940446	0.02109181141439206	0.05831265508684864	0.06575682382133995	0.02977667493796526	0.08436724565756824	0.02481389578163772	0.02729528535980149	0.04590570719602978	0.09925558312655088	0.02109181141439206	0.02729528535980149	0.06947890818858561	0.03225806451612903	0.05459057071960298	0.07568238213399504	0.05334987593052109	0.0880893300248139	0.013647642679900745	0.026054590570719603
P15735	0.07142857142857142	0.017241379310344827	0.054187192118226604	0.08866995073891626	0.04433497536945813	0.05665024630541872	0.03694581280788178	0.04433497536945813	0.03694581280788178	0.11330049261083744	0.027093596059113302	0.019704433497536946	0.059113300492610835	0.03694581280788178	0.08374384236453201	0.059113300492610835	0.04433497536945813	0.0665024630541872	0.017241379310344827	0.022167487684729065
P51817	0.06983240223463687	0.008379888268156424	0.06983240223463687	0.0670391061452514	0.06424581005586592	0.061452513966480445	0.036312849162011177	0.05307262569832402	0.07262569832402235	0.09776536312849161	0.01675977653631285	0.027932960893854747	0.06983240223463687	0.0223463687150838	0.05307262569832402	0.04748603351955307	0.04748603351955307	0.06424581005586592	0.0223463687150838	0.027932960893854747
Q14012	0.08108108108108109	0.02702702702702703	0.07567567567567568	0.07837837837837838	0.03513513513513514	0.07297297297297298	0.02972972972972973	0.06486486486486487	0.07297297297297298	0.0972972972972973	0.01891891891891892	0.01891891891891892	0.04594594594594595	0.043243243243243246	0.03513513513513514	0.05945945945945946	0.03513513513513514	0.05675675675675676	0.013513513513513514	0.03783783783783784
Q16513	0.054878048780487805	0.01524390243902439	0.06707317073170732	0.08028455284552846	0.044715447154471545	0.04369918699186992	0.017276422764227643	0.049796747967479675	0.06707317073170732	0.10264227642276423	0.022357723577235773	0.04065040650406504	0.056910569105691054	0.046747967479674794	0.06808943089430894	0.07926829268292683	0.051829268292682924	0.06300813008130081	0.01016260162601626	0.018292682926829267
P08581	0.0460431654676259	0.029496402877697843	0.046762589928057555	0.051798561151079135	0.050359712230215826	0.05755395683453238	0.033093525179856115	0.05971223021582734	0.05611510791366906	0.09640287769784173	0.02158273381294964	0.05755395683453238	0.051798561151079135	0.03597122302158273	0.04028776978417266	0.0856115107913669	0.06330935251798561	0.0776978417266187	0.007913669064748202	0.03093525179856115
P29376	0.0798611111111111	0.028935185185185185	0.03125	0.0625	0.024305555555555556	0.1388888888888889	0.019675925925925927	0.027777777777777776	0.02199074074074074	0.11805555555555555	0.019675925925925927	0.019675925925925927	0.08333333333333333	0.04513888888888889	0.061342592592592594	0.08333333333333333	0.03587962962962963	0.05439814814814815	0.02199074074074074	0.02199074074074074
P42679	0.09072978303747535	0.01972386587771203	0.03747534516765286	0.07889546351084813	0.03353057199211045	0.07889546351084813	0.03944773175542406	0.021696252465483234	0.0631163708086785	0.10848126232741617	0.023668639053254437	0.01775147928994083	0.05719921104536489	0.03353057199211045	0.07297830374753451	0.06903353057199212	0.03550295857988166	0.07889546351084813	0.01972386587771203	0.01972386587771203
P49760	0.03807615230460922	0.01603206412825651	0.06813627254509018	0.07214428857715431	0.03807615230460922	0.04208416833667335	0.052104208416833664	0.03807615230460922	0.04809619238476954	0.07014028056112225	0.01603206412825651	0.03406813627254509	0.03006012024048096	0.028056112224448898	0.14428857715430862	0.10220440881763528	0.03807615230460922	0.04809619238476954	0.014028056112224449	0.06212424849699399
P50613	0.06936416184971098	0.014450867052023121	0.057803468208092484	0.05202312138728324	0.049132947976878616	0.06647398843930635	0.028901734104046242	0.057803468208092484	0.06936416184971098	0.14450867052023122	0.023121387283236993	0.04046242774566474	0.06069364161849711	0.03757225433526012	0.05202312138728324	0.04335260115606936	0.05202312138728324	0.04335260115606936	0.011560693641618497	0.02601156069364162
P50750	0.05913978494623656	0.01881720430107527	0.056451612903225805	0.06182795698924731	0.03763440860215054	0.051075268817204304	0.021505376344086023	0.051075268817204304	0.07795698924731183	0.12096774193548387	0.02956989247311828	0.04838709677419355	0.04838709677419355	0.0456989247311828	0.06182795698924731	0.051075268817204304	0.04838709677419355	0.05913978494623656	0.013440860215053764	0.03763440860215054
Q02779	0.09119496855345911	0.013626834381551363	0.04507337526205451	0.07861635220125786	0.02830188679245283	0.08909853249475891	0.023060796645702306	0.027253668763102725	0.03668763102725367	0.10377358490566038	0.013626834381551363	0.016771488469601678	0.11006289308176101	0.03249475890985325	0.08176100628930817	0.08176100628930817	0.0440251572327044	0.05241090146750524	0.019916142557651992	0.010482180293501049
Q04759	0.04815864022662889	0.039660056657223795	0.05099150141643059	0.07932011331444759	0.06657223796033994	0.056657223796033995	0.0339943342776204	0.05524079320113314	0.0821529745042493	0.0906515580736544	0.039660056657223795	0.046742209631728045	0.049575070821529746	0.04107648725212465	0.05099150141643059	0.046742209631728045	0.03824362606232295	0.0453257790368272	0.014164305949008499	0.024079320113314446
Q04912	0.07071428571428572	0.03214285714285714	0.04928571428571429	0.04642857142857143	0.041428571428571426	0.08571428571428572	0.032857142857142856	0.024285714285714285	0.018571428571428572	0.12285714285714286	0.014285714285714285	0.02142857142857143	0.09	0.04857142857142857	0.06142857142857143	0.07285714285714286	0.045	0.08928571428571429	0.009285714285714286	0.023571428571428573
Q14289	0.049554013875123884	0.022794846382556987	0.049554013875123884	0.09018830525272548	0.031714568880079286	0.04558969276511397	0.018830525272547076	0.05252725470763132	0.06739345887016848	0.11496531219028741	0.031714568880079286	0.03865213082259663	0.06739345887016848	0.05252725470763132	0.05847373637264618	0.05847373637264618	0.04162537165510406	0.062438057482656094	0.010901883052527254	0.03468780971258672
Q16288	0.04767580452920143	0.028605482717520857	0.04529201430274136	0.057210965435041714	0.04052443384982122	0.06793802145411204	0.033373063170441	0.066746126340882	0.04052443384982122	0.10488676996424315	0.02264600715137068	0.06555423122765197	0.054827175208581644	0.04052443384982122	0.04648390941597139	0.0631704410011919	0.05601907032181168	0.07032181168057211	0.017878426698450536	0.029797377830750895
Q8N4C8	0.06006006006006006	0.009009009009009009	0.054804804804804805	0.07882882882882883	0.021021021021021023	0.07432432432432433	0.025525525525525526	0.04354354354354354	0.057057057057057055	0.07582582582582582	0.021021021021021023	0.03678678678678678	0.08258258258258258	0.06681681681681682	0.07807807807807808	0.07282282282282282	0.042042042042042045	0.05855855855855856	0.01126126126126126	0.03003003003003003
Q96L34	0.07047872340425532	0.018617021276595744	0.031914893617021274	0.07047872340425532	0.02925531914893617	0.08776595744680851	0.026595744680851064	0.03324468085106383	0.05319148936170213	0.09441489361702128	0.015957446808510637	0.03590425531914894	0.0797872340425532	0.022606382978723406	0.09175531914893617	0.09441489361702128	0.06648936170212766	0.047872340425531915	0.006648936170212766	0.022606382978723406
Q96RR4	0.05612244897959184	0.025510204081632654	0.04591836734693878	0.08333333333333333	0.025510204081632654	0.07653061224489796	0.025510204081632654	0.04591836734693878	0.05272108843537415	0.0935374149659864	0.025510204081632654	0.02891156462585034	0.09013605442176871	0.04081632653061224	0.0663265306122449	0.0935374149659864	0.034013605442176874	0.06462585034013606	0.00510204081632653	0.02040816326530612
Q9H0K1	0.06479481641468683	0.016198704103671708	0.04103671706263499	0.07019438444924406	0.03455723542116631	0.047516198704103674	0.02267818574514039	0.0367170626349892	0.0367170626349892	0.1101511879049676	0.029157667386609073	0.03455723542116631	0.10043196544276457	0.09287257019438445	0.0550755939524838	0.08207343412526998	0.0367170626349892	0.0550755939524838	0.004319654427645789	0.029157667386609073
Q9H2X6	0.07846410684474124	0.017529215358931552	0.03005008347245409	0.037562604340567615	0.02337228714524207	0.045909849749582635	0.04257095158597663	0.045909849749582635	0.03923205342237062	0.06928213689482471	0.022537562604340568	0.04006677796327212	0.07679465776293823	0.07178631051752922	0.038397328881469114	0.11519198664440734	0.09265442404006678	0.07011686143572621	0.007512520868113523	0.035058430717863104
Q9HAZ1	0.02702702702702703	0.031185031185031187	0.07068607068607069	0.07276507276507277	0.037422037422037424	0.04158004158004158	0.079002079002079	0.0498960498960499	0.06652806652806653	0.07068607068607069	0.02286902286902287	0.029106029106029108	0.029106029106029108	0.035343035343035345	0.10187110187110188	0.08523908523908524	0.035343035343035345	0.056133056133056136	0.012474012474012475	0.04573804573804574
Q9NWZ3	0.06304347826086956	0.017391304347826087	0.06956521739130435	0.07173913043478261	0.041304347826086954	0.05217391304347826	0.021739130434782608	0.05652173913043478	0.07391304347826087	0.09782608695652174	0.030434782608695653	0.04782608695652174	0.05	0.043478260869565216	0.034782608695652174	0.06956521739130435	0.06304347826086956	0.06304347826086956	0.006521739130434782	0.02608695652173913
Q9UM73	0.06851851851851852	0.024074074074074074	0.03641975308641975	0.06296296296296296	0.03209876543209877	0.10123456790123457	0.024691358024691357	0.040740740740740744	0.04197530864197531	0.10123456790123457	0.025308641975308643	0.040123456790123455	0.07777777777777778	0.03888888888888889	0.05308641975308642	0.08641975308641975	0.04567901234567901	0.05555555555555555	0.020370370370370372	0.022839506172839506
P07332	0.06326034063260341	0.014598540145985401	0.038929440389294405	0.09124087591240876	0.025547445255474453	0.06082725060827251	0.03527980535279805	0.0364963503649635	0.04744525547445255	0.13746958637469586	0.0170316301703163	0.01824817518248175	0.051094890510948905	0.0851581508515815	0.06934306569343066	0.07420924574209246	0.0364963503649635	0.058394160583941604	0.01338199513381995	0.025547445255474453
P16591	0.04866180048661801	0.01338199513381995	0.043795620437956206	0.09975669099756691	0.024330900243309004	0.045012165450121655	0.023114355231143552	0.06204379562043796	0.10218978102189781	0.11192214111922141	0.0340632603406326	0.038929440389294405	0.029197080291970802	0.06690997566909976	0.037712895377128956	0.07420924574209246	0.045012165450121655	0.05474452554744526	0.010948905109489052	0.0340632603406326
Q13882	0.07538802660753881	0.022172949002217297	0.04878048780487805	0.082039911308204	0.03547671840354767	0.0598669623059867	0.04212860310421286	0.03325942350332594	0.04434589800443459	0.1130820399113082	0.019955654101995565	0.024390243902439025	0.050997782705099776	0.03325942350332594	0.07760532150776053	0.07095343680709534	0.028824833702882482	0.07095343680709534	0.028824833702882482	0.037694013303769404
O00311	0.07491289198606271	0.024390243902439025	0.050522648083623695	0.059233449477351915	0.04006968641114982	0.05400696864111498	0.02613240418118467	0.05400696864111498	0.08710801393728224	0.09233449477351917	0.02264808362369338	0.03832752613240418	0.047038327526132406	0.05749128919860627	0.04529616724738676	0.09059233449477352	0.05226480836236934	0.05574912891986063	0.003484320557491289	0.024390243902439025
P78368	0.05060240963855422	0.016867469879518072	0.05783132530120482	0.06746987951807229	0.04819277108433735	0.0819277108433735	0.03132530120481928	0.043373493975903614	0.0819277108433735	0.0963855421686747	0.024096385542168676	0.03132530120481928	0.05542168674698795	0.03132530120481928	0.07228915662650602	0.05060240963855422	0.06506024096385542	0.04096385542168675	0.004819277108433735	0.04819277108433735
Q9HCP0	0.052132701421800945	0.018957345971563982	0.04976303317535545	0.07345971563981042	0.04265402843601896	0.06872037914691943	0.037914691943127965	0.04265402843601896	0.07582938388625593	0.09004739336492891	0.023696682464454975	0.035545023696682464	0.054502369668246446	0.035545023696682464	0.07582938388625593	0.061611374407582936	0.05687203791469194	0.04976303317535545	0.004739336492890996	0.04976303317535545
Q9Y6M4	0.053691275167785234	0.015659955257270694	0.06711409395973154	0.05592841163310962	0.040268456375838924	0.0738255033557047	0.035794183445190156	0.042505592841163314	0.08053691275167785	0.087248322147651	0.03131991051454139	0.040268456375838924	0.049217002237136466	0.0447427293064877	0.07606263982102908	0.058165548098434	0.05145413870246085	0.042505592841163314	0.006711409395973154	0.04697986577181208
Q9Y463	0.07154213036565978	0.01589825119236884	0.04769475357710652	0.04292527821939587	0.02702702702702703	0.08108108108108109	0.03179650238473768	0.03815580286168521	0.04292527821939587	0.10810810810810811	0.019077901430842606	0.030206677265500796	0.10651828298887123	0.0492845786963434	0.07154213036565978	0.08267090620031796	0.04769475357710652	0.04292527821939587	0.006359300476947536	0.03656597774244833
O43781	0.05102040816326531	0.023809523809523808	0.047619047619047616	0.04931972789115646	0.0391156462585034	0.08333333333333333	0.030612244897959183	0.05782312925170068	0.08163265306122448	0.0935374149659864	0.022108843537414966	0.03741496598639456	0.06972789115646258	0.04421768707482993	0.05782312925170068	0.07482993197278912	0.04251700680272109	0.05272108843537415	0.006802721088435374	0.034013605442176874
P51957	0.052318668252080855	0.016646848989298454	0.04399524375743163	0.09155766944114149	0.02140309155766944	0.05826397146254459	0.026159334126040427	0.04756242568370987	0.0713436385255648	0.09631391200951249	0.02140309155766944	0.0356718192627824	0.0535077288941736	0.057074910820451845	0.06777645659928656	0.10463733650416171	0.041617122473246136	0.06064209274673008	0.0047562425683709865	0.027348394768133173
Q9UBE8	0.11195445920303605	0.024667931688804556	0.03984819734345351	0.03984819734345351	0.036053130929791274	0.04743833017077799	0.0777988614800759	0.04743833017077799	0.04364326375711575	0.09487666034155598	0.024667931688804556	0.026565464895635674	0.0777988614800759	0.06072106261859583	0.04364326375711575	0.07210626185958255	0.036053130929791274	0.06261859582542695	0.0056925996204933585	0.026565464895635674
P51617	0.10814606741573034	0.023876404494382022	0.0351123595505618	0.06179775280898876	0.02949438202247191	0.0800561797752809	0.02247191011235955	0.028089887640449437	0.026685393258426966	0.10814606741573034	0.011235955056179775	0.016853932584269662	0.10252808988764045	0.05337078651685393	0.060393258426966294	0.09831460674157304	0.0449438202247191	0.04915730337078652	0.019662921348314606	0.019662921348314606
P48729	0.05934718100890208	0.011869436201780416	0.04747774480712166	0.050445103857566766	0.050445103857566766	0.07418397626112759	0.02373887240356083	0.05637982195845697	0.08902077151335312	0.09495548961424333	0.03857566765578635	0.04154302670623145	0.02967359050445104	0.05637982195845697	0.06231454005934718	0.06231454005934718	0.050445103857566766	0.03560830860534125	0.008902077151335312	0.05637982195845697
P68400	0.056265984654731455	0.005115089514066497	0.06905370843989769	0.056265984654731455	0.03324808184143223	0.056265984654731455	0.04092071611253197	0.05370843989769821	0.058823529411764705	0.08439897698209718	0.03836317135549872	0.043478260869565216	0.061381074168797956	0.030690537084398978	0.06649616368286446	0.0639386189258312	0.03324808184143223	0.07672634271099744	0.01278772378516624	0.058823529411764705
Q96PF2	0.055865921787709494	0.025139664804469275	0.0782122905027933	0.05865921787709497	0.0335195530726257	0.055865921787709494	0.0335195530726257	0.07262569832402235	0.09217877094972067	0.09497206703910614	0.025139664804469275	0.025139664804469275	0.03910614525139665	0.027932960893854747	0.07262569832402235	0.07262569832402235	0.03910614525139665	0.055865921787709494	0.00558659217877095	0.036312849162011177
Q9BXA7	0.06267029972752043	0.021798365122615803	0.05994550408719346	0.07901907356948229	0.02997275204359673	0.05722070844686648	0.02997275204359673	0.0653950953678474	0.08719346049046321	0.09809264305177112	0.0326975476839237	0.02452316076294278	0.0653950953678474	0.04087193460490463	0.05449591280653951	0.07356948228882834	0.035422343324250684	0.04087193460490463	0.008174386920980926	0.0326975476839237
Q9HBH9	0.08602150537634409	0.034408602150537634	0.06236559139784946	0.07526881720430108	0.043010752688172046	0.06236559139784946	0.03225806451612903	0.047311827956989246	0.053763440860215055	0.09247311827956989	0.017204301075268817	0.025806451612903226	0.05806451612903226	0.06451612903225806	0.060215053763440864	0.07741935483870968	0.01935483870967742	0.060215053763440864	0.008602150537634409	0.01935483870967742
Q15118	0.06651376146788991	0.009174311926605505	0.052752293577981654	0.05045871559633028	0.045871559633027525	0.06651376146788991	0.02522935779816514	0.0481651376146789	0.045871559633027525	0.09862385321100918	0.02981651376146789	0.045871559633027525	0.06192660550458716	0.03669724770642202	0.07110091743119266	0.0871559633027523	0.03669724770642202	0.06422018348623854	0.006880733944954129	0.05045871559633028
Q9P289	0.07211538461538461	0.01201923076923077	0.06971153846153846	0.08653846153846154	0.04326923076923077	0.055288461538461536	0.016826923076923076	0.07211538461538461	0.09375	0.08173076923076923	0.021634615384615384	0.038461538461538464	0.04807692307692308	0.04807692307692308	0.028846153846153848	0.07692307692307693	0.052884615384615384	0.05048076923076923	0.01201923076923077	0.019230769230769232
Q86V86	0.0736196319018405	0.024539877300613498	0.0736196319018405	0.06134969325153374	0.03987730061349693	0.09815950920245399	0.027607361963190184	0.03374233128834356	0.03374233128834356	0.13190184049079753	0.009202453987730062	0.003067484662576687	0.05521472392638037	0.024539877300613498	0.07975460122699386	0.06748466257668712	0.03374233128834356	0.08895705521472393	0.018404907975460124	0.02147239263803681
Q9UEE5	0.05555555555555555	0.016908212560386472	0.04589371980676329	0.11594202898550725	0.03864734299516908	0.06763285024154589	0.016908212560386472	0.06763285024154589	0.06280193236714976	0.09420289855072464	0.028985507246376812	0.021739130434782608	0.057971014492753624	0.04106280193236715	0.057971014492753624	0.07729468599033816	0.04589371980676329	0.057971014492753624	0.007246376811594203	0.021739130434782608
Q9NR20	0.05384615384615385	0.019230769230769232	0.05	0.06538461538461539	0.05384615384615385	0.04423076923076923	0.03461538461538462	0.04807692307692308	0.1	0.1	0.019230769230769232	0.04038461538461539	0.05384615384615385	0.05384615384615385	0.04038461538461539	0.07115384615384615	0.05576923076923077	0.05384615384615385	0.007692307692307693	0.03461538461538462
Q13237	0.047244094488188976	0.015748031496062992	0.05511811023622047	0.08530183727034121	0.04199475065616798	0.06561679790026247	0.02099737532808399	0.05643044619422572	0.09055118110236221	0.10498687664041995	0.01837270341207349	0.045931758530183726	0.04068241469816273	0.04199475065616798	0.06167979002624672	0.05774278215223097	0.048556430446194225	0.05643044619422572	0.011811023622047244	0.03280839895013123
Q13976	0.05514157973174367	0.01639344262295082	0.06706408345752608	0.08792846497764531	0.05216095380029806	0.06855439642324888	0.019374068554396422	0.07302533532041729	0.08792846497764531	0.08941877794336811	0.02384500745156483	0.03278688524590164	0.040238450074515646	0.026825633383010434	0.04918032786885246	0.05663189269746647	0.05812220566318927	0.05216095380029806	0.011922503725782414	0.03129657228017884
Q04771	0.043222003929273084	0.0412573673870334	0.05697445972495088	0.05108055009823183	0.03339882121807466	0.068762278978389	0.023575638506876228	0.05304518664047151	0.05697445972495088	0.10412573673870335	0.0275049115913556	0.04518664047151277	0.04518664047151277	0.04518664047151277	0.05108055009823183	0.07072691552062868	0.05893909626719057	0.07858546168958742	0.01768172888015717	0.0275049115913556
O75582	0.06359102244389027	0.012468827930174564	0.05610972568578554	0.07481296758104738	0.04738154613466334	0.06608478802992519	0.0399002493765586	0.046134663341645885	0.08354114713216958	0.10349127182044887	0.02369077306733167	0.03615960099750624	0.043640897755610975	0.03615960099750624	0.0399002493765586	0.07855361596009976	0.05860349127182045	0.057356608478802994	0.007481296758104738	0.02493765586034913
Q02763	0.06405693950177936	0.033807829181494664	0.04715302491103203	0.06583629893238434	0.03291814946619217	0.0693950177935943	0.026690391459074734	0.05871886120996441	0.054270462633451956	0.09341637010676157	0.020462633451957295	0.05249110320284697	0.05693950177935943	0.04092526690391459	0.051601423487544484	0.059608540925266906	0.054270462633451956	0.06850533807829182	0.01601423487544484	0.03291814946619217
P49336	0.05387931034482758	0.01293103448275862	0.07112068965517242	0.05172413793103448	0.036637931034482756	0.05818965517241379	0.04741379310344827	0.04956896551724138	0.08405172413793104	0.08620689655172414	0.028017241379310345	0.034482758620689655	0.07112068965517242	0.05172413793103448	0.05172413793103448	0.0603448275862069	0.04956896551724138	0.04525862068965517	0.01293103448275862	0.04310344827586207
Q96SB4	0.05343511450381679	0.0183206106870229	0.05343511450381679	0.10381679389312977	0.024427480916030534	0.05648854961832061	0.03206106870229008	0.05343511450381679	0.0916030534351145	0.08854961832061069	0.0183206106870229	0.04885496183206107	0.04885496183206107	0.05648854961832061	0.04122137404580153	0.07480916030534351	0.050381679389312976	0.04885496183206107	0.015267175572519083	0.021374045801526718
Q96RG2	0.07407407407407407	0.03325774754346183	0.05366591080876795	0.08087679516250945	0.030990173847316706	0.0854119425547997	0.021164021164021163	0.034013605442176874	0.031746031746031744	0.11337868480725624	0.012849584278155708	0.02040816326530612	0.06651549508692366	0.04308390022675737	0.04686318972033258	0.09599395313681028	0.05139833711262283	0.07180650037792895	0.01436130007558579	0.018140589569160998
Q96KB5	0.06521739130434782	0.018633540372670808	0.07763975155279502	0.08385093167701864	0.034161490683229816	0.052795031055900624	0.024844720496894408	0.06832298136645963	0.08385093167701864	0.08695652173913043	0.031055900621118012	0.049689440993788817	0.059006211180124224	0.015527950310559006	0.027950310559006212	0.07142857142857142	0.049689440993788817	0.055900621118012424	0.009316770186335404	0.034161490683229816
Q13557	0.07615230460921844	0.022044088176352707	0.05410821643286573	0.07214428857715431	0.04008016032064128	0.06212424849699399	0.036072144288577156	0.06613226452905811	0.07214428857715431	0.0841683366733467	0.022044088176352707	0.04008016032064128	0.050100200400801605	0.03807615230460922	0.050100200400801605	0.056112224448897796	0.06012024048096192	0.052104208416833664	0.01603206412825651	0.03006012024048096
P41743	0.040268456375838924	0.028523489932885907	0.07214765100671142	0.07718120805369127	0.05201342281879195	0.06711409395973154	0.03691275167785235	0.050335570469798654	0.053691275167785234	0.08389261744966443	0.03355704697986577	0.03691275167785235	0.050335570469798654	0.0436241610738255	0.06040268456375839	0.07214765100671142	0.03859060402684564	0.06040268456375839	0.01174496644295302	0.030201342281879196
Q13554	0.0915915915915916	0.024024024024024024	0.04354354354354354	0.06606606606606606	0.028528528528528527	0.06906906906906907	0.03153153153153153	0.05555555555555555	0.05405405405405406	0.08408408408408409	0.013513513513513514	0.03303303303303303	0.08708708708708708	0.03753753753753754	0.052552552552552555	0.07057057057057058	0.06606606606606606	0.057057057057057055	0.010510510510510511	0.024024024024024024
Q13555	0.08064516129032258	0.023297491039426525	0.05017921146953405	0.06810035842293907	0.03225806451612903	0.05734767025089606	0.03942652329749104	0.05734767025089606	0.06810035842293907	0.08422939068100359	0.017921146953405017	0.03942652329749104	0.05197132616487455	0.04838709677419355	0.053763440860215055	0.06810035842293907	0.06272401433691756	0.05555555555555555	0.012544802867383513	0.02867383512544803
Q8IW41	0.0613107822410148	0.016913319238900635	0.0507399577167019	0.0824524312896406	0.02959830866807611	0.040169133192389	0.03805496828752643	0.0613107822410148	0.080338266384778	0.09936575052854123	0.03382663847780127	0.040169133192389	0.0507399577167019	0.05496828752642706	0.05496828752642706	0.06553911205073996	0.042283298097251586	0.06342494714587738	0.012684989429175475	0.021141649048625793
P36507	0.0625	0.0125	0.0475	0.0875	0.0325	0.0775	0.025	0.0675	0.06	0.1	0.0275	0.035	0.0775	0.035	0.0625	0.0625	0.035	0.0675	0.005	0.02
Q07912	0.07225433526011561	0.017341040462427744	0.05394990366088632	0.05876685934489403	0.029865125240847785	0.07418111753371869	0.02601156069364162	0.024084778420038536	0.0394990366088632	0.10308285163776493	0.022157996146435453	0.02119460500963391	0.13005780346820808	0.05394990366088632	0.07032755298651253	0.06551059730250482	0.046242774566473986	0.055876685934489405	0.017341040462427744	0.018304431599229287
Q14164	0.0782122905027933	0.018156424581005588	0.036312849162011177	0.07541899441340782	0.034916201117318434	0.055865921787709494	0.034916201117318434	0.040502793296089384	0.04888268156424581	0.12290502793296089	0.018156424581005588	0.0335195530726257	0.04329608938547486	0.06005586592178771	0.06564245810055866	0.06983240223463687	0.04888268156424581	0.07960893854748603	0.006983240223463687	0.027932960893854747
Q9UHD2	0.04938271604938271	0.015089163237311385	0.04663923182441701	0.08916323731138547	0.038408779149519894	0.05761316872427984	0.03566529492455418	0.06721536351165981	0.07544581618655692	0.1056241426611797	0.03017832647462277	0.0411522633744856	0.03292181069958848	0.038408779149519894	0.04801097393689986	0.05761316872427984	0.06172839506172839	0.06172839506172839	0.009602194787379973	0.038408779149519894
P34947	0.04067796610169491	0.0288135593220339	0.04915254237288136	0.09152542372881356	0.04915254237288136	0.0711864406779661	0.023728813559322035	0.0423728813559322	0.08813559322033898	0.09661016949152543	0.022033898305084745	0.04576271186440678	0.04915254237288136	0.04067796610169491	0.06271186440677966	0.0576271186440678	0.03898305084745763	0.0576271186440678	0.00847457627118644	0.03559322033898305
Q9UQM7	0.07740585774058577	0.02092050209205021	0.0502092050209205	0.08158995815899582	0.03765690376569038	0.06694560669456066	0.043933054393305436	0.06485355648535565	0.06694560669456066	0.0899581589958159	0.016736401673640166	0.029288702928870293	0.04184100418410042	0.03556485355648536	0.056485355648535567	0.056485355648535567	0.058577405857740586	0.056485355648535567	0.016736401673640166	0.03138075313807531
O15075	0.052702702702702706	0.013513513513513514	0.062162162162162166	0.060810810810810814	0.03648648648648649	0.06486486486486487	0.01756756756756757	0.051351351351351354	0.07027027027027027	0.07837837837837838	0.014864864864864866	0.03648648648648649	0.05540540540540541	0.031081081081081083	0.06621621621621622	0.11081081081081082	0.06351351351351352	0.07432432432432433	0.005405405405405406	0.033783783783783786
P30291	0.07739938080495357	0.018575851393188854	0.05108359133126935	0.09287925696594428	0.03560371517027864	0.07430340557275542	0.02631578947368421	0.03869969040247678	0.05417956656346749	0.08359133126934984	0.021671826625386997	0.02786377708978328	0.07275541795665634	0.032507739938080496	0.0804953560371517	0.10371517027863777	0.04179566563467492	0.03869969040247678	0.007739938080495356	0.020123839009287926
P08631	0.06273764258555133	0.017110266159695818	0.051330798479087454	0.08365019011406843	0.039923954372623575	0.06653992395437262	0.019011406844106463	0.057034220532319393	0.07224334600760456	0.06844106463878327	0.034220532319391636	0.034220532319391636	0.06273764258555133	0.034220532319391636	0.055133079847908745	0.07984790874524715	0.051330798479087454	0.053231939163498096	0.017110266159695818	0.039923954372623575
Q9BWU1	0.07171314741035857	0.0099601593625498	0.061752988047808766	0.05179282868525897	0.035856573705179286	0.06374501992031872	0.0398406374501992	0.04183266932270916	0.07171314741035857	0.08964143426294821	0.021912350597609563	0.03187250996015936	0.07370517928286853	0.07569721115537849	0.05179282868525897	0.07569721115537849	0.037848605577689244	0.04183266932270916	0.01195219123505976	0.0398406374501992
Q8IU85	0.08311688311688312	0.01818181818181818	0.05454545454545454	0.07792207792207792	0.03636363636363636	0.05714285714285714	0.023376623376623377	0.05974025974025974	0.08831168831168831	0.08051948051948052	0.02077922077922078	0.033766233766233764	0.03636363636363636	0.025974025974025976	0.04155844155844156	0.11168831168831168	0.03636363636363636	0.06233766233766234	0.012987012987012988	0.03896103896103896
O00418	0.07172413793103448	0.013793103448275862	0.07862068965517241	0.0896551724137931	0.034482758620689655	0.07448275862068965	0.041379310344827586	0.031724137931034485	0.05241379310344828	0.08827586206896551	0.030344827586206897	0.04275862068965517	0.044137931034482755	0.04	0.05931034482758621	0.08137931034482758	0.03310344827586207	0.04	0.015172413793103448	0.037241379310344824
O00329	0.06513409961685823	0.028735632183908046	0.044061302681992334	0.07758620689655173	0.045019157088122604	0.04693486590038314	0.029693486590038315	0.035440613026819924	0.06417624521072797	0.1360153256704981	0.02681992337164751	0.03639846743295019	0.05172413793103448	0.04980842911877394	0.05363984674329502	0.06417624521072797	0.040229885057471264	0.05938697318007663	0.017241379310344827	0.027777777777777776
P04049	0.05246913580246913	0.021604938271604937	0.044753086419753084	0.044753086419753084	0.044753086419753084	0.05401234567901234	0.035493827160493825	0.04938271604938271	0.05864197530864197	0.08333333333333333	0.030864197530864196	0.043209876543209874	0.05555555555555555	0.05092592592592592	0.06172839506172839	0.10185185185185185	0.06327160493827161	0.06635802469135803	0.013888888888888888	0.023148148148148147
P42336	0.042134831460674156	0.0299625468164794	0.054307116104868915	0.07116104868913857	0.04119850187265917	0.04588014981273408	0.028089887640449437	0.06647940074906367	0.06741573033707865	0.11797752808988764	0.03651685393258427	0.052434456928838954	0.047752808988764044	0.0449438202247191	0.0552434456928839	0.054307116104868915	0.03745318352059925	0.052434456928838954	0.017790262172284643	0.03651685393258427
P48736	0.05807622504537205	0.019056261343012703	0.05807622504537205	0.0662431941923775	0.041742286751361164	0.04809437386569873	0.034482758620689655	0.05807622504537205	0.07259528130671507	0.11252268602540835	0.021778584392014518	0.03176043557168784	0.047186932849364795	0.05535390199637023	0.050816696914700546	0.060798548094373864	0.0499092558983666	0.06533575317604355	0.018148820326678767	0.029945553539019964
Q15418	0.05714285714285714	0.009523809523809525	0.05714285714285714	0.06802721088435375	0.04353741496598639	0.07210884353741497	0.03537414965986395	0.04081632653061224	0.07891156462585033	0.11700680272108843	0.02312925170068027	0.024489795918367346	0.05714285714285714	0.03945578231292517	0.047619047619047616	0.0653061224489796	0.055782312925170066	0.0653061224489796	0.009523809523809525	0.0326530612244898
P41240	0.07333333333333333	0.022222222222222223	0.05333333333333334	0.07555555555555556	0.03333333333333333	0.07333333333333333	0.024444444444444446	0.03777777777777778	0.07777777777777778	0.10222222222222223	0.028888888888888888	0.03333333333333333	0.042222222222222223	0.028888888888888888	0.04666666666666667	0.05333333333333334	0.04888888888888889	0.08222222222222222	0.017777777777777778	0.044444444444444446
P05771	0.046199701937406856	0.029806259314456036	0.06855439642324888	0.07302533532041729	0.06557377049180328	0.06706408345752608	0.028315946348733235	0.04769001490312966	0.08792846497764531	0.07004470938897168	0.03129657228017884	0.037257824143070044	0.05514157973174367	0.037257824143070044	0.04769001490312966	0.05365126676602087	0.04918032786885246	0.06259314456035768	0.013412816691505217	0.028315946348733235
P17252	0.044642857142857144	0.02976190476190476	0.07589285714285714	0.0625	0.0625	0.06994047619047619	0.03125	0.046130952380952384	0.08779761904761904	0.0744047619047619	0.03125	0.03720238095238095	0.05803571428571429	0.041666666666666664	0.044642857142857144	0.050595238095238096	0.041666666666666664	0.06845238095238096	0.011904761904761904	0.02976190476190476
Q02156	0.05834464043419267	0.032564450474898234	0.06784260515603799	0.06919945725915876	0.050203527815468114	0.06919945725915876	0.028493894165535955	0.050203527815468114	0.07462686567164178	0.08412483039348712	0.023066485753052916	0.037991858887381276	0.050203527815468114	0.048846675712347354	0.05834464043419267	0.04748982360922659	0.04206241519674356	0.07055630936227951	0.012211668928086838	0.024423337856173677
P54760	0.09017223910840932	0.02735562310030395	0.03951367781155015	0.07193515704154002	0.03546099290780142	0.08308004052684904	0.019250253292806486	0.030395136778115502	0.037487335359675786	0.08915906788247213	0.0182370820668693	0.02634245187436677	0.06585612968591692	0.0364741641337386	0.06889564336372847	0.07598784194528875	0.0547112462006079	0.08206686930091185	0.017223910840932118	0.030395136778115502
Q9UBF8	0.05759803921568627	0.015931372549019607	0.05514705882352941	0.07352941176470588	0.03308823529411765	0.056372549019607844	0.028186274509803922	0.056372549019607844	0.05024509803921569	0.1053921568627451	0.023284313725490197	0.0392156862745098	0.05269607843137255	0.05024509803921569	0.058823529411764705	0.09681372549019608	0.04534313725490196	0.06862745098039216	0.00857843137254902	0.024509803921568627
P42338	0.05420560747663551	0.022429906542056073	0.056074766355140186	0.0691588785046729	0.044859813084112146	0.04672897196261682	0.022429906542056073	0.06074766355140187	0.07570093457943926	0.1205607476635514	0.028037383177570093	0.04766355140186916	0.04766355140186916	0.041121495327102804	0.04579439252336449	0.06074766355140187	0.037383177570093455	0.06822429906542056	0.01588785046728972	0.03457943925233645
Q16512	0.08598726114649681	0.014861995753715499	0.05307855626326964	0.08280254777070063	0.040339702760084924	0.0732484076433121	0.018046709129511677	0.02653927813163482	0.0435244161358811	0.12951167728237792	0.013800424628450107	0.022292993630573247	0.06794055201698514	0.041401273885350316	0.08067940552016985	0.07643312101910828	0.054140127388535034	0.054140127388535034	0.009554140127388535	0.01167728237791932
P49759	0.03305785123966942	0.026859504132231406	0.07231404958677685	0.06818181818181818	0.03512396694214876	0.045454545454545456	0.0743801652892562	0.05371900826446281	0.07851239669421488	0.07231404958677685	0.01859504132231405	0.028925619834710745	0.030991735537190084	0.026859504132231406	0.09090909090909091	0.09504132231404959	0.04132231404958678	0.045454545454545456	0.014462809917355372	0.047520661157024795
Q15139	0.06030701754385965	0.025219298245614034	0.0537280701754386	0.06578947368421052	0.03289473684210526	0.06030701754385965	0.03508771929824561	0.05921052631578947	0.051535087719298246	0.09100877192982457	0.027412280701754384	0.043859649122807015	0.06359649122807018	0.03728070175438596	0.05263157894736842	0.08662280701754387	0.04276315789473684	0.07346491228070176	0.009868421052631578	0.027412280701754384
P22612	0.06552706552706553	0.008547008547008548	0.04843304843304843	0.07122507122507123	0.06267806267806268	0.06837606837606838	0.022792022792022793	0.05128205128205128	0.07692307692307693	0.09971509971509972	0.022792022792022793	0.039886039886039885	0.042735042735042736	0.04843304843304843	0.05413105413105413	0.05413105413105413	0.03418803418803419	0.06552706552706553	0.017094017094017096	0.045584045584045586
P22694	0.06837606837606838	0.005698005698005698	0.05413105413105413	0.07692307692307693	0.06837606837606838	0.06267806267806268	0.022792022792022793	0.05698005698005698	0.09686609686609686	0.09116809116809117	0.019943019943019943	0.039886039886039885	0.037037037037037035	0.03418803418803419	0.04843304843304843	0.045584045584045586	0.04843304843304843	0.05982905982905983	0.017094017094017096	0.045584045584045586
O60285	0.057488653555219364	0.01361573373676248	0.060514372163388806	0.0680786686838124	0.024205748865355523	0.060514372163388806	0.03328290468986384	0.05143721633888049	0.06959152798789713	0.08925869894099848	0.0226928895612708	0.03177004538577912	0.06354009077155824	0.03479576399394856	0.07564296520423601	0.11346444780635401	0.036308623298033284	0.0529500756429652	0.009077155824508321	0.03177004538577912
P41279	0.055674518201284794	0.017130620985010708	0.057815845824411134	0.08137044967880086	0.027837259100642397	0.057815845824411134	0.029978586723768737	0.06423982869379015	0.055674518201284794	0.11134903640256959	0.032119914346895075	0.03640256959314775	0.059957173447537475	0.034261241970021415	0.05353319057815846	0.07922912205567452	0.04068522483940043	0.05353319057815846	0.010706638115631691	0.04068522483940043
P15056	0.06788511749347259	0.016971279373368148	0.050913838120104436	0.05483028720626632	0.04308093994778068	0.0731070496083551	0.02610966057441253	0.05613577023498695	0.05352480417754569	0.08877284595300261	0.02349869451697128	0.03524804177545692	0.06657963446475196	0.05352480417754569	0.05221932114882506	0.10182767624020887	0.050913838120104436	0.05221932114882506	0.010443864229765013	0.022193211488250653
Q16566	0.1014799154334038	0.016913319238900635	0.05496828752642706	0.08668076109936575	0.02959830866807611	0.06765327695560254	0.016913319238900635	0.05708245243128964	0.0824524312896406	0.08879492600422834	0.016913319238900635	0.021141649048625793	0.052854122621564484	0.03805496828752643	0.040169133192389	0.06553911205073996	0.040169133192389	0.0824524312896406	0.010570824524312896	0.02959830866807611
P23458	0.043327556325823226	0.02772963604852686	0.05632582322357019	0.08232235701906412	0.038128249566724434	0.049393414211438474	0.029462738301559793	0.05719237435008666	0.09012131715771231	0.09705372616984402	0.029462738301559793	0.0511265164644714	0.045060658578856154	0.03552859618717504	0.049393414211438474	0.0632582322357019	0.04679376083188908	0.05632582322357019	0.012998266897746967	0.0389948006932409
P80192	0.06884057971014493	0.016304347826086956	0.04528985507246377	0.09239130434782608	0.030797101449275364	0.06884057971014493	0.019021739130434784	0.03804347826086957	0.04800724637681159	0.10326086956521739	0.015398550724637682	0.030797101449275364	0.09601449275362318	0.036231884057971016	0.06974637681159421	0.09873188405797101	0.050724637681159424	0.042572463768115944	0.017210144927536232	0.01177536231884058
P19784	0.05714285714285714	0.008571428571428572	0.06857142857142857	0.06285714285714286	0.037142857142857144	0.045714285714285714	0.04	0.054285714285714284	0.07714285714285714	0.10285714285714286	0.025714285714285714	0.045714285714285714	0.04285714285714286	0.04285714285714286	0.06571428571428571	0.04857142857142857	0.025714285714285714	0.06857142857142857	0.014285714285714285	0.06571428571428571
P67870	0.05116279069767442	0.027906976744186046	0.05581395348837209	0.07441860465116279	0.05116279069767442	0.06046511627906977	0.037209302325581395	0.05116279069767442	0.04186046511627907	0.08837209302325581	0.046511627906976744	0.04186046511627907	0.07441860465116279	0.06046511627906977	0.046511627906976744	0.05116279069767442	0.027906976744186046	0.04186046511627907	0.009302325581395349	0.06046511627906977
P29323	0.06919431279620854	0.02843601895734597	0.05308056872037915	0.058767772511848344	0.037914691943127965	0.07393364928909953	0.015165876777251185	0.061611374407582936	0.046445497630331754	0.06540284360189573	0.034123222748815164	0.046445497630331754	0.04834123222748815	0.04454976303317536	0.05781990521327014	0.07582938388625593	0.06445497630331753	0.06824644549763033	0.013270142180094787	0.03696682464454976
Q16584	0.08382526564344746	0.012987012987012988	0.0448642266824085	0.0743801652892562	0.02833530106257379	0.09445100354191263	0.014167650531286895	0.0295159386068477	0.030696576151121605	0.09563164108618655	0.015348288075560802	0.01770956316410862	0.1204250295159386	0.04132231404958678	0.09327036599763873	0.08028335301062574	0.03896103896103896	0.047225501770956316	0.024793388429752067	0.011806375442739079
P07947	0.06813996316758748	0.016574585635359115	0.04419889502762431	0.07734806629834254	0.03867403314917127	0.08287292817679558	0.014732965009208104	0.05156537753222836	0.06813996316758748	0.07918968692449356	0.02578268876611418	0.034990791896869246	0.06077348066298342	0.034990791896869246	0.04788213627992634	0.06445672191528545	0.06813996316758748	0.0570902394106814	0.01841620626151013	0.04604051565377532
P09769	0.07372400756143667	0.020793950850661626	0.05671077504725898	0.07372400756143667	0.043478260869565216	0.08128544423440454	0.01890359168241966	0.052930056710775046	0.054820415879017016	0.09073724007561437	0.026465028355387523	0.030245746691871456	0.05671077504725898	0.04158790170132325	0.05103969754253308	0.05860113421550094	0.05860113421550094	0.04725897920604915	0.01890359168241966	0.043478260869565216
P42684	0.0829103214890017	0.015228426395939087	0.04060913705583756	0.06937394247038917	0.028764805414551606	0.08206429780033841	0.021996615905245348	0.028764805414551606	0.06345177664974619	0.08460236886632826	0.0194585448392555	0.03553299492385787	0.07868020304568528	0.03807106598984772	0.051607445008460234	0.09475465313028765	0.06260575296108291	0.06260575296108291	0.010998307952622674	0.027918781725888325
P51813	0.04	0.01925925925925926	0.045925925925925926	0.0725925925925926	0.03851851851851852	0.04888888888888889	0.03111111111111111	0.037037037037037035	0.09037037037037036	0.0874074074074074	0.025185185185185185	0.044444444444444446	0.04296296296296296	0.05185185185185185	0.04296296296296296	0.10518518518518519	0.035555555555555556	0.06814814814814815	0.017777777777777778	0.054814814814814816
Q9BUB5	0.08817204301075268	0.02795698924731183	0.053763440860215055	0.07956989247311828	0.03225806451612903	0.06881720430107527	0.021505376344086023	0.03655913978494624	0.06666666666666667	0.1010752688172043	0.01935483870967742	0.023655913978494623	0.05806451612903226	0.04946236559139785	0.05806451612903226	0.08172043010752689	0.04516129032258064	0.05591397849462366	0.010752688172043012	0.021505376344086023
O43741	0.04411764705882353	0.007352941176470588	0.0661764705882353	0.0625	0.04044117647058824	0.0625	0.04044117647058824	0.04779411764705882	0.07352941176470588	0.08455882352941177	0.022058823529411766	0.03676470588235294	0.07720588235294118	0.03308823529411765	0.03308823529411765	0.11029411764705882	0.04779411764705882	0.06985294117647059	0.014705882352941176	0.025735294117647058
P54619	0.0513595166163142	0.00906344410876133	0.045317220543806644	0.07250755287009064	0.045317220543806644	0.030211480362537766	0.03323262839879154	0.06948640483383686	0.06948640483383686	0.10574018126888217	0.015105740181268883	0.04229607250755287	0.04229607250755287	0.027190332326283987	0.03927492447129909	0.08459214501510574	0.0634441087613293	0.10876132930513595	0.006042296072507553	0.03927492447129909
P54646	0.059782608695652176	0.018115942028985508	0.06340579710144928	0.05615942028985507	0.03804347826086957	0.057971014492753624	0.03985507246376811	0.05253623188405797	0.06340579710144928	0.09782608695652174	0.036231884057971016	0.028985507246376812	0.05434782608695652	0.030797101449275364	0.057971014492753624	0.08695652173913043	0.041666666666666664	0.07065217391304347	0.007246376811594203	0.03804347826086957
Q9UGI9	0.07975460122699386	0.018404907975460124	0.04703476482617587	0.07566462167689161	0.03680981595092025	0.06339468302658487	0.028629856850715747	0.049079754601226995	0.032719836400818	0.12474437627811862	0.016359918200409	0.014314928425357873	0.065439672801636	0.04294478527607362	0.06339468302658487	0.07975460122699386	0.05725971370143149	0.06748466257668712	0.016359918200409	0.02044989775051125
Q9UGJ0	0.06502636203866433	0.005272407732864675	0.043936731107205626	0.05799648506151142	0.050966608084358524	0.05272407732864675	0.02460456942003515	0.061511423550087874	0.07205623901581722	0.07908611599297012	0.022847100175746926	0.029876977152899824	0.08260105448154657	0.03163444639718805	0.054481546572934976	0.1195079086115993	0.050966608084358524	0.0632688927943761	0.0035149384885764497	0.028119507908611598
P27361	0.06860158311345646	0.0158311345646438	0.05804749340369393	0.06860158311345646	0.03430079155672823	0.0633245382585752	0.029023746701846966	0.06860158311345646	0.055408970976253295	0.11345646437994723	0.026385224274406333	0.03430079155672823	0.05804749340369393	0.044854881266490766	0.06068601583113457	0.047493403693931395	0.05013192612137203	0.047493403693931395	0.0079155672823219	0.047493403693931395
P49674	0.0625	0.01201923076923077	0.04807692307692308	0.06009615384615385	0.04326923076923077	0.07932692307692307	0.026442307692307692	0.05048076923076923	0.06490384615384616	0.09134615384615384	0.028846153846153848	0.04326923076923077	0.05048076923076923	0.03125	0.09134615384615384	0.08173076923076923	0.038461538461538464	0.04567307692307692	0.007211538461538462	0.04326923076923077
